45666508
211155442
32137288
3588021
232037327
470900706
23104945
213221752
1343468
447449753
34146293
206957588
761132590
100001
207702218
213208263
863987
394339556
208750516
211587165
42841774
3563503
10949
339099340
9562942464
4065002
63642
48898723
26996886
211570663
36458412
48914097
327702075
1046080893
114415694
213169890
37980619
403299242
2730107
22040154
3558218
170527916
47136068
211526470
717688660
206961777
22077
282956645
46621083
207691210
208367738
1419097884
366305155
206789748
47467718
4253804
36358764
213295656
35409124
207691139
207574562
1594960194
4449730
209924222
39568036
2089280
207691761
209004708
40239787
3216519
49669200
208702847
208317162
213169281
76851937
46066909
208304019
821270153
212010946
19551422
491683782
861615622
213170028
49833985
46367295
46743618
208411461
47959052
4314333
17436948
212010821
3747052
208355836
208258582
4865260
770809612
47987492
746158247
243422626
923293713
23634335
44887420
4012013
208741990
4373311
296827355
492947541
208580150
211578479
213348177
12661078
46023299
206791130
207693721
372886438
49731781
48557537
96662
298031794
211438031
49610582
408733592
9498330
405155649
49875684
48677425
1092457791
1761095346
158420
42294679
44287953
47016914
21670073
211172490
47945492
315566438
40488329
4692317
471696299
357684295
328933055
56146
1129627228
48758279
906774755
729685710
207578814
48884938
1792667
4241446
206756624
1207077
446400813
211064713
207589586
211580178
843492803
454516119
208993947
44517933
923751705
80810783
451640935
891380
44593037
45714558
3602900
3853761
47347396
208995477
544624684
880618
208324061
27057369
651973796
460462239
206815464
208065823
208997008
206800430
49228906
396482026
381387126
47371125
210811715
207692971
209925101
208239840
208164177
614122488
42390058
208397979
3686015
213209481
213225900
226986448
213169765
207063838
213227111
384458004
48135541
51973016
208323854
4282995
206760378
383790962
47407845
619950123
208343855
373086509
208755432
47529260
26438564
359718201
208584250
350438618
208063653
34566727
564813114
1235055
213346690
46737608
207785204
2183467
43043287
7019765
191128319
3955977
3234469
641230082
549816330
211064280
258426042
1278174759
207579095
8298547569
450059396
207634055
578879795
208300310
42865151
1921845
168669988
211436170
2189741
12083
402638462
208065341
244097835
34660605
858688351
395418563
381634571
540774104
619966711
48114118
211615946
5373789
208914086
208235006
117009312
240136156
208325069
411640599
37202066
17359302
213217626
213218820
213301645
83940
2175034
208985076
47984992
208950827
9093919799
206777742
206801734
208316736
240125730
360802844
208236775
742699524
1797970116
45339824
10132203
208346486
602514234
70723
871176631
2463116
398652801
121082217
211702953
31095591
984622892
814367255
208060432
372146452
47164624
919404
207690769
211173813
46607642
207695685
208344101
41715055
211173599
40310308
664945624
206961663
175575897
240778614
41419603
207690880
1354676447
844018658
207691397
207578698
